1.919
0.246
0.181
0.170
5.456
0.053
0.033
0.023
0.026
0.020
0.025
0.020
0.025
0.025
0.028
0.020
0.025
0.024
0.020
0.024
0.020
0.023
0.024
0.020
0.020
0.025
0.024
0.021
0.020
0.025
0.024
0.021
0.019
0.025
0.024
0.021
0.019
0.025
0.024
0.019
0.020
0.024
0.037
0.024
0.024
0.025
0.027
0.020
0.022
0.028
0.034
0.030
0.034
0.022
0.025
0.020
0.020
0.019
0.024
0.020
0.020
0.019
0.024
0.020
0.020
0.019
0.024
0.020
0.020
0.019
0.024
0.020
0.020
0.019
0.024
0.020
0.020
0.019
0.024
0.020
0.020
0.019
0.024
0.020
0.020
0.019
0.024
0.019
0.019
0.019
0.023
0.020
0.020
0.019
0.024
0.020
0.019
0.019
0.024
0.020
